4552
8780
6967
6919
8948
7259
8621
4750
5647
3982
4231
9174
7945
1428
3819
5577
3202
205
6569
4860
5525
5063
2460
3260
5989
2535
6162
1350
8646
8198
7592
5650
1602
8278
3983
4685
8700
7423
2235
7042
4561
1082
4361
5477
5978
5273
3264
9788
8558
8081
5665
6137
4069
709
3593
6008
7159
5616
4805
82
9986
4046
7972
5452
8731
2072
6200
6063
1307
5083
3494
8900
3451
6084
5438
6268
5467
4954
1908
2905
1355
343
8060
1117
4493
8980
7045
8845
2209
65
5724
9937
8800
4414
4993
1227
4821
8584
5030
4673
3349
2355
7172
8025
6415
6528
3336
2000
3967
8668
8539
2390
4236
9398
2015
5898
9665
2458
3701
6110
825
2766
6843
7079
3923
8392
6994
3443
7973
6634
3918
4182
9693
1915
3303
7187
1555
7491
5501
9556
5242
739
6200
7847
517
895
8141
5877
230
8089
716
575
1282
2331
6966
1751
6592
1953
1677
2440
5392
9601
1555
8355
200
3431
6164
200
4138
5457
1952
9741
1857
3491
3568
894
3930
1576
9146
8417
9968
7063
384
3652
191
7998
8466
6022
5706
141
8612
1246
1016
2337
1722
7276
3785
6859
367
7163
6487
4924
6741
4447
6808
1504
9719
8208
6895
1717
635
8147
370
7990
5267
386
8934
5816
2
4135
4934
8784
2539
7882
19
7374
8741
756
5189
9019
3068
6480
9248
3355
6705
3821
6018
2782
3169
7538
4680
8601
3027
4815
9520
6859
3754
6587
9674
2335
2298
4591
648
8750
2792
9663
9028
2941
5914
8864
8848
2570
7630
8043
3016
7087
9591
1356
1764
417
4305
4055
6457
1896
4662
2824
3840
9482
121
5349
7246
9094
4079
1058
8050
538
8653
1585
8750
1090
7677
1396
3837
2734
3530
1296
7698
5470
6907
7088
9665
8460
7501
8867
1175
5462
9544
627
4259
2599
8787
6643
1448
8258
7284
548
5435
9530
6512
6708
4215
1408
1216
3523
5920
9113
8660
9059
2372
3387
7905
8844
8365
2885
6743
4090
4916
3769
1678
5444
5135
54
5534
3593
3435
134
685
6776
8389
4528
9298
620
5394
5659
873
9570
7838
2689
448
8937
1793
9163
46
7829
9262
8510
4467
208
9429
274
1467
542
3128
7755
8572
5355
7931
1574
5486
787
4964
4002
7594
1549
8402
712
8219
2021
1290
488
5858
485
7997
865
3429
495
9733
5613
8503
9993
9438
6775
4115
2438
4225
1818
6578
6797
4140
4631
9324
3112
5261
1154
9499
907
9661
1578
4234
5007
8106
5427
1149
906
9500
3522
6171
9341
73
612
9509
9178
5715
5531
2666
1471
9791
2790
1043
1956
578
7852
4138
3196
8324
7637
2168
5835
8870
8149
7035
5733
2159
6662
4038
5567
5586
6497
5634
820
7563
5624
995
982
3161
4243
2357
3247
3590
6709
4645
6178
5088
7834
6908
1299
8988
5151
6582
8528
4001
8398
8049
4971
6831
4165
209
9733
4547
8130
5072
4056
2498
4797
2659
8336
7474
7458
4071
872
6888
3993
6762
6637
2300
708
6967
5777
3802
2980
2217
9454
5105
8921
9280
5492
5102
9220
6818
4321
2419
3242
712
3020
2160
9383
3481
3614
1427
828
5333
510
5356
8008
8663
5864
3561
7406
6301
4729
3249
5176
4948
9113
6620
7352
9837
7685
8703
8199
5756
6392
1206
5324
2495
8581
393
5258
8267
7812
9601
4502
9713
4342
6868
9572
5712
7559
4443
5469
6309
2080
3989
8271
7565
37
117
2257
9083
2289
2743
6977
6612
1884
2064
6877
7831
1303
674
2698
155
4532
14
1124
8241
6708
7460
5602
3833
702
8118
4373
2128
8969
3756
3229
8102
4631
1088
4760
814
9374
8441
3912
4926
6755
9861
5376
2790
7765
9231
3067
4830
9780
704
6744
6392
1308
6305
3014
421
3234
5615
232
7076
393
8967
2390
1604
4193
8065
2240
1354
9837
6746
8047
958
4000
9049
6569
8064
4932
8963
3424
2584
8438
7657
7161
507
7121
8015
4740
6553
6869
3704
9565
1955
6340
541
9709
5243
1897
236
7421
9620
7749
9245
473
2936
4487
5376
573
9655
5207
4354
623
5597
4672
3103
9864
6957
5256
5729
1952
121
3117
6838
1349
5284
9117
9583
712
7806
1538
1045
7636
1918
2504
8071
6331
5279
6381
9038
4479
9761
9668
8945
2378
8608
9013
3396
3307
2626
4644
4235
8526
5801
6093
493
4630
1224
7753
7636
8313
8771
6592
288
4200
7903
6283
3099
906
1304
3908
8135
7636
3313
93
3796
2551
6566
9369
910
837
846
2187
6706
3345
6636
9113
321
4419
197
5068
1518
1061
4572
1399
5841
2654
3960
1458
9086
8120
3735
1074
9919
3567
9308
1878
7694
5976
3907
3312
1871
9243
406
4574
4986
7679
8120
1733
5414
6657
846
1817
5297
1025
8110
9947
4828
5945
9519
5872
3747
8666
6864
6473
7883
7268
1316
4932
5523
1154
6219
639
9965
7376
6493
9028
8086
4987
2943
7045
4673
2547
4679
1621
8626
8559
3564
4081
1589
1309
2679
9961
6591
4996
3814
3055
157
3608
8319
8971
2969
5321
4482
5320
2363
329
4583
6655
4235
9320
822
2942
932
2766
8421
8500
564
3076
6332
9180
1569
783
2404
4579
1526
7834
5454
1815
234
9342
2017
6927
5729
7249
4395
3265
2332
3689
6392
9316
5724
4395
3712
7282
8196
6453
8219
9657
588
692
5440
3983
3762
5538
4507
1344
219
1311
2652
7606
7111
6235
5276
9923
8722
1614
4635
3117
6982
9700
9589
2630
5422
8552
4211
2567
2038
3852
2253
2761
494
2466
8509
5056
6381
5739
8783
1125
2754
569
7348
7934
7750
6034
7190
3068
2493
6500
4790
2736
4412
7151
9569
5322
5140
2148
2049
1680
4988
3608
2751
4824
8077
8580
7
1746
5542
9501
6292
3285
1872
1627
2506
8597
3564
9128
1842
237
4217
6118
7632
8846
7762
8573
9584
3764
3091
6369
9311
5025
507
8300
7094
985
9005
3101
7457
5914
4594
8444
3326
3749
4505
5480
3585
4877
4622
5183
6516
4139
7656
6666
1068
5068
2315
7651
9287
8264
3070
1652
7265
1439
8296
1933
1157
2193
3172
4688
3777
6490
6339
9517
9042
5849
5952
5
8894
3228
8814
174
6321
5242
5006
3746
6319
8524
1261
7460
6217
4681
6378
3056
3802
492
6421
5662
5393
6436
1939
5187
6617
6232
6846
2467
6131
2693
410
551
7813
4053
514
7142
8252
1645
5952
4820
3885
372
2747
1620
4634
363
3707
4299
7088
5870
200
9939
7612
9813
816
504
9246
7895
6744
6547
8933
8540
6026
6576
1546
8492
3372
2542
2617
8633
8465
9442
2090
8423
7481
1000
2014
7300
1524
9688
6981
4599
4243
4081
4044
5625
3023
8436
3027
4234
4915
1664
5405
2770
6308
3333
8097
7382
3426
775
7421
1874
2358
7361
4362
8281
2907
2259
1002
7830
6665
122
7262
8429
3148
7659
7908
4244
3891
9723
8734
1208
9813
5246
2878
973
4174
5002
3421
9493
4582
1607
9291
7596
115
1701
2736
9406
8053
5594
2673
3797
7183
4295
222
9043
9814
3910
985
9241
7105
3346
7569
1346
9392
6386
1324
4975
6938
2051
5043
7487
766
3073
1959
2762
2107
818
3745
3210
2251
3504
7959
2039
1402
305
9227
5550
2404
373
685
5117
6364
6811
4673
5741
1498
4623
5003
6348
8540
3572
4423
5031
3149
3610
1157
4112
9218
3484
4993
5138
9809
7817
7681
7774
8765
8829
3767
4864
6364
604
5654
8579
3353
7978
4226
9854
981
5194
9728
1690
6233
321
4620
6912
4982
9685
9898
724
9853
39
6004
5256
5163
2202
7090
7038
9708
3184
9655
8959
2113
3248
520
3313
8428
3765
9735
8871
2807
7974
6750
7595
2740
7197
1304
1393
6927
1703
9225
7320
1520
391
2461
1890
1965
1175
9022
4445
1916
8924
6303
8525
1574
8404
117
6408
1255
6607
9446
9598
6354
9239
1321
8355
5714
3726
9869
7307
9163
7299
7462
8401
1518
2704
2961
1875
891
130
6153
7965
4657
470
1842
6336
8625
9597
7331
8287
8769
6987
5297
950
2060
2658
7878
3480
6998
7622
9552
2467
6574
3725
2357
7586
7484
7861
9029
3039
4217
5393
9032
5522
5038
3618
6278
7019
6357
1278
405
8872
2940
3727
6877
163
6680
266
4488
6860
261
6363
949
8702
4491
7754
8891
3312
2573
7452
7770
2362
4396
2584
9694
1314
9512
1427
8829
3698
2982
2747
351
5368
5996
6685
8926
4778
2521
916
5683
9411
8435
895
8767
9007
6568
1837
5387
8799
502
231
2263
825
8582
8650
8223
7583
1890
5999
2364
4826
9960
1257
406
1826
1814
3579
6663
1277
3541
5059
4555
7139
1155
1943
7860
521
7672
3194
9065
1074
9818
3867
5518
5006
812
3163
1375
5181
3905
2681
3911
2341
1470
7067
9357
5724
974
1915
5485
4098
4591
6060
4181
3485
2265
4807
2726
2323
9039
8470
1658
8862
4254
4348
4069
2543
130
5984
7667
6882
4984
8404
2129
2729
2462
1206
4088
9975
7655
578
1188
7644
4699
4322
9252
5224
9898
5811
9481
8094
9265
8357
4337
8582
8789
5134
2173
3391
8125
2300
2766
415
4572
2454
1935
3992
9931
4365
2348
7370
2774
3700
96
5839
7149
3225
7852
5462
6618
1839
3875
9967
4850
6025
5666
6512
9092
3157
6845
1426
655
7811
8645
1435
2721
2177
4197
7416
3593
2149
1212
5975
8958
9717
7013
8463
8184
5302
4385
7484
4028
6927
6359
2779
3878
2009
7793
9054
5599
7141
2424
9020
4397
1162
1146
6328
3354
7610
4343
3228
7084
4032
8476
9667
8243
9065
5654
432
1570
1980
9944
2878
5557
4774
6040
4900
8305
54
5667
4580
281
7490
5969
2897
2172
2053
9555
5771
139
6453
4281
5769
5976
9749
5024
4097
6075
8820
3384
2326
8126
4383
7476
4143
4648
6298
4267
7600
3031
4838
4619
4328
3334
2960
445
1206
382
2006
8227
24
9753
7015
3230
2561
2417
3029
2141
1558
4375
7865
5727
7638
9360
660
3449
5364
1130
1470
6276
7458
8172
3485
7197
3099
7147
6066
6832
1741
5113
7171
8335
5778
7751
9745
5515
8170
4956
759
2502
1158
926
4414
5999
5731
7836
8702
4316
2640
286
8901
5174
14
9876
2589
5662
6196
9372
1886
510
8812
3167
6608
8970
3934
4411
2154
6324
7622
1339
1500
9631
3428
9697
1349
252
577
8934
9042
5824
1769
1865
5940
3047
937
9747
6221
2913
4389
5852
3574
2794
7478
2710
5184
3896
1631
6006
7845
4429
1787
963
8490
220
8357
1959
7572
9097
7092
9346
4211
5369
2032
5438
1231
2633
3957
3886
6718
4490
8771
1839
7632
4985
5615
3312
4791
3885
6970
1598
4214
7466
5020
2184
9172
1266
4333
2930
9869
2139
4192
6020
3558
3548
2652
7586
7659
9777
9032
407
5654
6173
4466
6714
5198
9455
9708
4659
2874
2126
3523
3239
9936
2286
6653
8334
9327
3716
383
6502
9845
230
5321
7377
3710
9563
8175
6249
5994
7266
9028
1987
3001
79
1637
4161
5541
4064
6575
9378
5628
8734
2942
1812
8281
9758
163
9546
910
5399
272
5384
560
3854
6644
6731
3551
2316
7342
1494
3521
4034
7711
1606
3626
8115
2529
7863
9353
6319
5310
1568
4866
8337
1006
1834
5619
3694
7120
7742
3670
6941
9076
379
9986
4054
6483
7047
2142
7107
3596
1693
9587
1283
1532
9541
9421
285
2153
6049
3422
994
5019
1475
6847
3243
4472
1628
8596
6930
1530
4863
8586
5084
4190
9556
3231
6659
1356
729
3854
8018
5550
1395
6262
6554
3664
8146
4167
3058
1490
8978
5800
8299
9260
318
2071
9553
5951
8127
958
717
4356
6834
2382
5335
8003
199
7115
4457
5138
4261
100
6863
7208
2972
2269
4843
3725
594
4843
821
5968
3519
3419
1871
7092
3028
7855
8038
2296
694
1878
2900
3970
761
8455
6611
5943
3351
2570
1852
6585
9776
8275
3213
7198
5371
9195
3065
2457
4698
397
1050
1175
7707
1962
8257
9063
2219
1994
8782
7367
2150
9216
6011
4088
6249
5096
5218
7005
4793
8447
176
6469
2412
7295
4641
2355
6516
1110
6986
2086
7980
9538
6085
9258
1707
2779
7159
3466
7094
29
6126
1007
5298
752
3078
202
1575
4854
8939
6954
4144
448
8184
3883
4478
349
9934
7611
1180
4560
7024
2458
5950
6925
1451
6078
4163
7457
1283
8335
201
7243
3721
5237
8415
6842
9704
7277
3973
9300
8687
2242
6624
8751
3209
8510
2827
6944
2392
5644
9671
1983
1936
2984
7154
3923
7135
3766
6709
1199
602
2908
1704
8856
8003
173
4480
6194
3047
2291
4921
9398
2163
8360
1182
770
2087
3953
2901
1357
8931
9176
1992
6437
5022
5764
2254
7623
6357
2151
2936
8586
1760
8468
5143
361
960
4459
8426
6027
6117
8866
1285
7761
3068
2561
6814
8955
4502
6090
4241
9303
1971
8580
3764
6103
8205
8179
9060
910
2578
6405
5630
7062
4457
5819
5306
3345
6725
4610
7185
6299
5335
9565
3231
1912
7021
8305
5123
5487
9753
5180
900
4786
1597
9299
6670
2809
8642
8407
650
1610
9656
7331
4827
1048
6760
7685
293
4165
7461
7798
5992
1700
6112
4744
2586
6736
8459
427
9314
258
6885
7596
9536
3283
1572
6458
1611
9375
2257
8662
2147
8226
2013
582
2132
4722
6450
5030
6636
5400
5780
4621
195
7036
2630
7319
5257
2396
585
1092
4014
7624
7294
4012
2555
6989
8205
9293
6382
8413
5342
8643
3282
151
517
8386
2445
3545
6699
5475
6723
3806
5639
9769
4263
8485
9291
1374
6818
624
6299
1055
1404
9029
5288
8977
679
869
4954
879
4172
5222
7549
225
6109
3536
5922
7626
2777
1744
8727
2110
6574
108
3281
4446
7112
8244
6372
2914
5784
129
1237
8066
9248
7229
8295
4368
6922
4414
6241
517
6712
1328
7537
9799
2951
4462
1434
6787
6589
6781
5145
8877
6865
6229
7606
5058
3817
5053
869
9174
8174
6594
3323
574
1453
5444
8798
444
7287
8797
3350
5875
8119
2110
2720
6294
6675
4935
7409
1825
8044
5187
3926
6339
1600
2478
9770
679
2703
2564
850
7246
9898
6520
2546
4938
6071
8109
3090
793
1105
6084
4123
2380
685
3187
5308
2275
5111
4430
3545
1975
3547
789
6706
4148
7199
7706
4786
7873
1517
1965
9342
4910
7583
2822
2781
4280
4883
7502
9047
8651
4334
202
9222
7781
8781
84
9753
3555
3878
600
9320
3546
7789
2553
417
1892
7474
366
5185
4294
4520
9612
4558
1722
881
4272
65
5437
7716
7369
2609
9686
721
1712
7706
7602
8107
2054
4605
3625
788
8248
2033
2702
5191
8449
5959
3112
9966
1468
5739
9496
8531
8789
6950
7718
8756
8587
2096
2972
1055
2435
6803
3455
7005
8124
3643
1302
7772
1883
7642
2968
1365
2051
2280
1638
6796
5298
4791
2290
4517
7627
1188
75
2723
5787
6122
614
8059
170
9728
2219
7736
4913
1363
5097
1144
4242
4878
2854
3124
8104
8133
5078
3101
5660
5026
7527
801
49
6214
3944
4972
2476
3137
3908
4667
1876
4701
3327
684
690
4965
5739
114
7013
2179
7335
1173
2629
7286
3909
7766
4945
5074
7223
6495
87
5522
8373
5705
1616
1624
5757
3111
2518
7253
2231
9056
3106
6532
8100
4762
6070
129
579
9602
7508
5816
4607
7912
3305
7543
6793
2678
5626
7141
1693
6465
4825
6236
8931
5337
6868
7569
2869
9483
522
8821
8120
6453
4250
2772
137
921
2667
7194
5413
4395
1714
9397
3028
1013
2483
6918
5620
2762
9751
4977
9918
8774
1765
7684
8134
148
5409
501
6084
1754
6190
7523
4698
5663
7057
2302
1490
3405
803
35
2950
8978
9171
8256
6011
8032
8774
5334
762
2243
4987
9659
6108
482
2928
1215
4690
3087
9322
7495
2302
4554
8709
8005
562
8706
2505
3705
1619
2602
8437
9680
2233
8986
6506
3419
3014
9420
5862
5515
6976
3863
4604
3623
6605
8122
8157
2992
6074
8094
6309
5836
632
605
6692
478
6820
9537
2791
8711
2801
5268
9346
3302
787
679
7997
635
3131
1263
2392
3881
5818
2458
9292
2233
5924
2720
272
6283
7459
468
6021
5176
3429
7688
4606
4403
4051
3488
2031
5582
1390
5088
6993
7960
8424
3071
4959
7348
8028
7452
5744
8693
4300
6783
9441
2405
4037
4185
6670
2117
7681
7157
2365
3838
3960
2432
3752
6807
7236
7748
213
192
1104
8352
9251
106
5483
8180
1075
265
8911
3255
7617
8594
8905
331
8989
6334
4820
8073
5418
257
3383
6086
3731
4052
3463
5463
3381
9902
4250
801
2221
3393
3914
9033
5166
2417
2737
7722
3726
1823
135
6565
2431
7588
1254
5794
4197
8761
326
2788
3465
3827
1962
2827
6345
4156
4949
5155
953
5356
2330
5482
8346
3511
1328
7087
2581
31
7486
7798
3141
1834
360
2296
1310
2047
3590
407
3998
154
3518
4318
4750
9791
1741
9831
8260
7851
1815
3543
2537
8678
808
2068
2578
6740
3158
8038
9549
5067
6854
1899
3898
2494
5895
4469
7939
3464
1454
6702
1738
7077
9535
4364
7597
9434
3781
1247
6600
2309
4015
966
2344
3775
3704
6738
4135
5517
6672
259
8633
534
2684
5566
6962
2223
8870
3328
1762
6754
9826
7788
4734
1309
1775
4112
2139
7399
8086
9350
5305
5901
2819
9238
6875
3291
3053
889
7855
2086
4179
4600
4734
9829
2692
3826
8657
1104
5723
957
2237
2417
918
8036
4397
7784
9201
3167
2427
9914
4276
6561
7083
9513
6646
5290
84
8990
9387
540
5804
851
7345
650
2287
6445
2404
4060
9227
8807
2393
176
4907
8970
8269
187
6877
5048
362
605
4930
6856
3826
7315
450
1931
4667
645
8698
1565
7544
2815
579
519
4544
2638
2464
7490
8750
7872
100
326
7940
8285
3101
8160
604
4085
6033
1841
6748
4703
7123
3123
8661
3633
2738
7880
4200
429
6527
2379
4086
7112
776
3271
5747
